-0.015 0
0.015 5.85416e-06
0.045 6.48584e-06
0.075 7.13306e-06
0.105 7.81017e-06
0.135 8.53878e-06
0.165 9.33116e-06
0.195 1.01923e-05
0.225 1.11238e-05
0.255 1.21271e-05
0.285 1.32047e-05
0.315 1.43607e-05
0.345 1.56001e-05
0.375 1.69285e-05
0.405 1.83513e-05
0.435 1.98736e-05
0.465 2.15006e-05
0.495 2.32376e-05
0.525 2.509e-05
0.555 2.70633e-05
0.585 2.91634e-05
0.615 3.13962e-05
0.645 3.37676e-05
0.675 3.62836e-05
0.705 3.89503e-05
0.735 4.17738e-05
0.765 4.47601e-05
0.795 4.79153e-05
0.825 5.12455e-05
0.855 5.47567e-05
0.885 5.84548e-05
0.915 6.23457e-05
0.945 6.64351e-05
0.975 7.07285e-05
1.005 7.52312e-05
1.035 7.99485e-05
1.065 8.48851e-05
1.095 9.00457e-05
1.125 9.54346e-05
1.155 0.000101056
1.185 0.000106913
1.215 0.000113009
1.245 0.000119346
1.275 0.000125928
1.305 0.000132755
1.335 0.000139829
1.365 0.00014715
1.395 0.000154719
1.425 0.000162534
1.455 0.000170595
1.485 0.0001789
1.515 0.000187445
1.545 0.000196228
1.575 0.000205244
1.605 0.000214489
1.635 0.000223956
1.665 0.000233639
1.695 0.000243531
1.725 0.000253623
1.755 0.000263908
1.785 0.000274374
1.815 0.000285013
1.845 0.000295811
1.875 0.000306758
1.905 0.00031784
1.935 0.000329044
1.965 0.000340356
1.995 0.00035176
2.025 0.000363242
2.055 0.000374785
2.085 0.000386372
2.115 0.000397986
2.145 0.000409609
2.175 0.000421224
2.205 0.000432812
2.235 0.000444354
2.265 0.000455832
2.295 0.000467225
2.325 0.000478515
2.355 0.000489683
2.385 0.000500709
2.415 0.000511574
2.445 0.00052226
2.475 0.000532747
2.505 0.000543017
2.535 0.000553052
2.565 0.000562835
2.595 0.000572349
2.625 0.000581577
2.655 0.000590503
2.685 0.000599113
2.715 0.000607393
2.745 0.000615328
2.775 0.000622907
2.805 0.000630118
2.835 0.000636951
2.865 0.000643396
2.895 0.000649445
2.925 0.000655091
2.955 0.000660327
2.985 0.000665149
3.015 0.000669553
3.045 0.000673537
3.075 0.000677099
3.105 0.00068024
3.135 0.00068296
3.165 0.000685262
3.195 0.000687149
3.225 0.000688627
3.255 0.0006897
3.285 0.000690377
3.315 0.000690664
3.345 0.000690571
3.375 0.000690109
3.405 0.000689288
3.435 0.00068812
3.465 0.000686618
3.495 0.000684796
3.525 0.000682667
3.555 0.000680248
3.585 0.000677552
3.615 0.000674597
3.645 0.0006714
3.675 0.000667976
3.705 0.000664343
3.735 0.00066052
3.765 0.000656523
3.795 0.000652371
3.825 0.000648081
3.855 0.000643672
3.885 0.000639161
3.915 0.000634566
3.945 0.000629905
3.975 0.000625195
4.005 0.000620452
4.035 0.000615694
4.065 0.000610938
4.095 0.000606197
4.125 0.000601489
4.155 0.000596828
4.185 0.000592228
4.215 0.000587702
4.245 0.000583264
4.275 0.000578927
4.305 0.000574701
4.335 0.000570598
4.365 0.000566629
4.395 0.000562803
4.425 0.000559129
4.455 0.000555615
4.485 0.000552269
4.515 0.000549099
4.545 0.00054611
4.575 0.000543307
4.605 0.000540697
4.635 0.000538282
4.665 0.000536067
4.695 0.000534054
4.725 0.000532246
4.755 0.000530646
4.785 0.000529253
4.815 0.00052807
4.845 0.000527096
4.875 0.000526331
4.905 0.000525775
4.935 0.000525426
4.965 0.000525284
4.995 0.000525347
5.025 0.000525613
5.055 0.000526078
5.085 0.000526742
5.115 0.0005276
5.145 0.000528651
5.175 0.00052989
5.205 0.000531314
5.235 0.000532921
5.265 0.000534706
5.295 0.000536666
5.325 0.000538797
5.355 0.000541095
5.385 0.000543556
5.415 0.000546177
5.445 0.000548953
5.475 0.000551882
5.505 0.000554959
5.535 0.000558181
5.565 0.000561543
5.595 0.000565043
5.625 0.000568677
5.655 0.000572442
5.685 0.000576333
5.715 0.00058035
5.745 0.000584487
5.775 0.000588743
5.805 0.000593115
5.835 0.000597599
5.865 0.000602194
5.895 0.000606897
5.925 0.000611706
5.955 0.000616618
5.985 0.000621633
6.015 0.000626747
6.045 0.000631959
6.075 0.000637268
6.105 0.000642673
6.135 0.000648171
6.165 0.000653762
6.195 0.000659444
6.225 0.000665218
6.255 0.000671081
6.285 0.000677033
6.315 0.000683074
6.345 0.000689203
6.375 0.000695419
6.405 0.000701723
6.435 0.000708114
6.465 0.000714592
6.495 0.000721157
6.525 0.000727809
6.555 0.000734549
6.585 0.000741375
6.615 0.00074829
6.645 0.000755292
6.675 0.000762384
6.705 0.000769563
6.735 0.000776833
6.765 0.000784193
6.795 0.000791644
6.825 0.000799186
6.855 0.000806821
6.885 0.000814549
6.915 0.000822371
6.945 0.000830288
6.975 0.000838301
7.005 0.000846412
7.035 0.00085462
7.065 0.000862928
7.095 0.000871336
7.125 0.000879845
7.155 0.000888458
7.185 0.000897175
7.215 0.000905997
7.245 0.000914925
7.275 0.000923961
7.305 0.000933107
7.335 0.000942364
7.365 0.000951733
7.395 0.000961216
7.425 0.000970815
7.455 0.000980529
7.485 0.000990363
7.515 0.00100032
7.545 0.00101039
7.575 0.00102059
7.605 0.00103091
7.635 0.00104136
7.665 0.00105194
7.695 0.00106265
7.725 0.00107349
7.755 0.00108447
7.785 0.00109558
7.815 0.00110683
7.845 0.00111822
7.875 0.00112975
7.905 0.00114143
7.935 0.00115325
7.965 0.00116522
7.995 0.00117734
8.025 0.00118961
8.055 0.00120203
8.085 0.00121462
8.115 0.00122736
8.145 0.00124026
8.175 0.00125333
8.205 0.00126656
8.235 0.00127996
8.265 0.00129353
8.295 0.00130727
8.325 0.00132119
8.355 0.00133529
8.385 0.00134957
8.415 0.00136404
8.445 0.00137869
8.475 0.00139353
8.505 0.00140856
8.535 0.00142378
8.565 0.00143921
8.595 0.00145483
8.625 0.00147066
8.655 0.00148669
8.685 0.00150293
8.715 0.00151939
8.745 0.00153606
8.775 0.00155296
8.805 0.00157007
8.835 0.00158741
8.865 0.00160498
8.895 0.00162278
8.925 0.00164082
8.955 0.00165909
8.985 0.00167761
9.015 0.00169638
9.045 0.0017154
9.075 0.00173467
9.105 0.0017542
9.135 0.00177399
9.165 0.00179405
9.195 0.00181438
9.225 0.00183498
9.255 0.00185587
9.285 0.00187703
9.315 0.00189848
9.345 0.00192022
9.375 0.00194226
9.405 0.0019646
9.435 0.00198725
9.465 0.0020102
9.495 0.00203347
9.525 0.00205706
9.555 0.00208097
9.585 0.00210521
9.615 0.00212979
9.645 0.00215471
9.675 0.00217997
9.705 0.00220558
9.735 0.00223154
9.765 0.00225787
9.795 0.00228457
9.825 0.00231163
9.855 0.00233908
9.885 0.00236691
9.915 0.00239513
9.945 0.00242375
9.975 0.00245277
10.005 0.0024822
10.035 0.00251204
10.065 0.00254231
10.095 0.002573
10.125 0.00260413
10.155 0.0026357
10.185 0.00266773
10.215 0.0027002
10.245 0.00273314
10.275 0.00276656
10.305 0.00280045
10.335 0.00283482
10.365 0.00286969
10.395 0.00290506
10.425 0.00294095
10.455 0.00297734
10.485 0.00301427
10.515 0.00305173
10.545 0.00308973
10.575 0.00312828
10.605 0.00316739
10.635 0.00320708
10.665 0.00324734
10.695 0.00328818
10.725 0.00332963
10.755 0.00337168
10.785 0.00341435
10.815 0.00345765
10.845 0.00350158
10.875 0.00354616
10.905 0.00359139
10.935 0.0036373
10.965 0.00368388
10.995 0.00373115
11.025 0.00377912
11.055 0.00382781
11.085 0.00387722
11.115 0.00392736
11.145 0.00397825
11.175 0.00402989
11.205 0.00408232
11.235 0.00413552
11.265 0.00418953
11.295 0.00424434
11.325 0.00429998
11.355 0.00435645
11.385 0.00441377
11.415 0.00447195
11.445 0.00453102
11.475 0.00459098
11.505 0.00465184
11.535 0.00471362
11.565 0.00477634
11.595 0.00484002
11.625 0.00490466
11.655 0.00497029
11.685 0.00503691
11.715 0.00510455
11.745 0.00517322
11.775 0.00524295
11.805 0.00531374
11.835 0.00538561
11.865 0.00545858
11.895 0.00553268
11.925 0.00560791
11.955 0.0056843
11.985 0.00576187
12.015 0.00584063
12.045 0.0059206
12.075 0.00600181
12.105 0.00608428
12.135 0.00616802
12.165 0.00625305
12.195 0.00633941
12.225 0.0064271
12.255 0.00651615
12.285 0.00660659
12.315 0.00669843
12.345 0.00679171
12.375 0.00688643
12.405 0.00698263
12.435 0.00708033
12.465 0.00717956
12.495 0.00728033
12.525 0.00738268
12.555 0.00748663
12.585 0.0075922
12.615 0.00769943
12.645 0.00780834
12.675 0.00791897
12.705 0.00803131
12.735 0.00814543
12.765 0.00826134
12.795 0.00837907
12.825 0.00849866
12.855 0.00862012
12.885 0.00874349
12.915 0.00886881
12.945 0.0089961
12.975 0.00912539
13.005 0.00925673
13.035 0.00939014
13.065 0.00952565
13.095 0.0096633
13.125 0.00980312
13.155 0.00994515
13.185 0.0100894
13.215 0.010236
13.245 0.0103849
13.275 0.0105361
13.305 0.0106897
13.335 0.0108457
13.365 0.0110042
13.395 0.0111653
13.425 0.0113288
13.455 0.011495
13.485 0.0116638
13.515 0.0118352
13.545 0.0120094
13.575 0.0121863
13.605 0.012366
13.635 0.0125485
13.665 0.012734
13.695 0.0129223
13.725 0.0131137
13.755 0.0133081
13.785 0.0135055
13.815 0.013706
13.845 0.0139098
13.875 0.0141167
13.905 0.0143269
13.935 0.0145404
13.965 0.0147573
13.995 0.0149776
14.025 0.0152013
14.055 0.0154286
14.085 0.0156595
14.115 0.0158939
14.145 0.0161321
14.175 0.016374
14.205 0.0166197
14.235 0.0168692
14.265 0.0171227
14.295 0.0173801
14.325 0.0176415
14.355 0.017907
14.385 0.0181766
14.415 0.0184505
14.445 0.0187286
14.475 0.019011
14.505 0.0192979
14.535 0.0195891
14.565 0.0198849
14.595 0.0201852
14.625 0.0204902
14.655 0.0207999
14.685 0.0211144
14.715 0.0214337
14.745 0.0217579
14.775 0.0220871
14.805 0.0224213
14.835 0.0227606
14.865 0.0231051
14.895 0.0234548
14.925 0.0238099
14.955 0.0241703
14.985 0.0245362
15.015 0.0249077
15.045 0.0252847
15.075 0.0256674
15.105 0.0260558
15.135 0.0264501
15.165 0.0268502
15.195 0.0272564
15.225 0.0276685
15.255 0.0280868
15.285 0.0285112
15.315 0.0289419
15.345 0.029379
15.375 0.0298224
15.405 0.0302724
15.435 0.0307289
15.465 0.0311921
15.495 0.0316619
15.525 0.0321386
15.555 0.0326221
15.585 0.0331126
15.615 0.03361
15.645 0.0341146
15.675 0.0346263
15.705 0.0351453
15.735 0.0356716
15.765 0.0362052
15.795 0.0367464
15.825 0.0372951
15.855 0.0378513
15.885 0.0384153
15.915 0.038987
15.945 0.0395665
15.975 0.0401539
16.005 0.0407494
16.035 0.0413528
16.065 0.0419643
16.095 0.042584
16.125 0.0432119
16.155 0.0438481
16.185 0.0444927
16.215 0.0451457
16.245 0.0458072
16.275 0.0464772
16.305 0.0471558
16.335 0.0478431
16.365 0.0485391
16.395 0.0492439
16.425 0.0499575
16.455 0.0506799
16.485 0.0514113
16.515 0.0521516
16.545 0.0529009
16.575 0.0536593
16.605 0.0544267
16.635 0.0552033
16.665 0.055989
16.695 0.0567839
16.725 0.057588
16.755 0.0584013
16.785 0.0592238
16.815 0.0600557
16.845 0.0608968
16.875 0.0617472
16.905 0.0626069
16.935 0.063476
16.965 0.0643543
16.995 0.0652419
17.025 0.0661389
17.055 0.0670451
17.085 0.0679606
17.115 0.0688853
17.145 0.0698193
17.175 0.0707624
17.205 0.0717148
17.235 0.0726762
17.265 0.0736468
17.295 0.0746263
17.325 0.0756149
17.355 0.0766123
17.385 0.0776186
17.415 0.0786336
17.445 0.0796574
17.475 0.0806898
17.505 0.0817307
17.535 0.08278
17.565 0.0838377
17.595 0.0849034
17.625 0.0859775
17.655 0.0870594
17.685 0.0881492
17.715 0.0892467
17.745 0.0903517
17.775 0.0914642
17.805 0.0925839
17.835 0.0937108
17.865 0.0948444
17.895 0.095985
17.925 0.097132
17.955 0.0982853
17.985 0.0994448
18.015 0.10061
18.045 0.101781
18.075 0.102958
18.105 0.10414
18.135 0.105326
18.165 0.106518
18.195 0.107714
18.225 0.108914
18.255 0.110118
18.285 0.111326
18.315 0.112537
18.345 0.113751
18.375 0.114967
18.405 0.116186
18.435 0.117407
18.465 0.11863
18.495 0.119854
18.525 0.121079
18.555 0.122304
18.585 0.12353
18.615 0.124755
18.645 0.12598
18.675 0.127204
18.705 0.128426
18.735 0.129647
18.765 0.130865
18.795 0.13208
18.825 0.133292
18.855 0.134501
18.885 0.135705
18.915 0.136905
18.945 0.1381
18.975 0.139289
19.005 0.140472
19.035 0.141648
19.065 0.142817
19.095 0.143979
19.125 0.145132
19.155 0.146277
19.185 0.147412
19.215 0.148538
19.245 0.149653
19.275 0.150757
19.305 0.15185
19.335 0.152931
19.365 0.153998
19.395 0.155053
19.425 0.156094
19.455 0.157121
19.485 0.158133
19.515 0.159129
19.545 0.160108
19.575 0.161072
19.605 0.162017
19.635 0.162945
19.665 0.163854
19.695 0.164745
19.725 0.165615
19.755 0.166465
19.785 0.167294
19.815 0.168102
19.845 0.168887
19.875 0.16965
19.905 0.17039
19.935 0.171106
19.965 0.171797
19.995 0.172464
20.025 0.173104
20.055 0.173719
20.085 0.174307
20.115 0.174868
20.145 0.175402
20.175 0.175907
20.205 0.176383
20.235 0.176831
20.265 0.177248
20.295 0.177635
20.325 0.177992
20.355 0.178318
20.385 0.178612
20.415 0.178874
20.445 0.179104
20.475 0.179302
20.505 0.179466
20.535 0.179597
20.565 0.179694
20.595 0.179757
20.625 0.179785
20.655 0.179779
20.685 0.179738
20.715 0.179661
20.745 0.17955
20.775 0.179402
20.805 0.179219
20.835 0.179
20.865 0.178745
20.895 0.178454
20.925 0.178126
20.955 0.177762
20.985 0.177362
21.015 0.176925
21.045 0.176452
21.075 0.175943
21.105 0.175397
21.135 0.174815
21.165 0.174197
21.195 0.173543
21.225 0.172853
21.255 0.172127
21.285 0.171366
21.315 0.17057
21.345 0.169738
21.375 0.168873
21.405 0.167973
21.435 0.167038
21.465 0.166071
21.495 0.16507
21.525 0.164036
21.555 0.162969
21.585 0.161871
21.615 0.160741
21.645 0.159581
21.675 0.15839
21.705 0.157169
21.735 0.155919
21.765 0.15464
21.795 0.153334
21.825 0.152
21.855 0.150639
21.885 0.149252
21.915 0.14784
21.945 0.146404
21.975 0.144943
22.005 0.14346
22.035 0.141954
22.065 0.140427
22.095 0.13888
22.125 0.137312
22.155 0.135726
22.185 0.134121
22.215 0.132499
22.245 0.130861
22.275 0.129208
22.305 0.127539
22.335 0.125858
22.365 0.124163
22.395 0.122457
22.425 0.120739
22.455 0.119012
22.485 0.117275
22.515 0.11553
22.545 0.113779
22.575 0.11202
22.605 0.110257
22.635 0.108489
22.665 0.106718
22.695 0.104944
22.725 0.103168
22.755 0.101392
22.785 0.0996155
22.815 0.0978405
22.845 0.0960674
22.875 0.0942971
22.905 0.0925305
22.935 0.0907685
22.965 0.0890119
22.995 0.0872616
23.025 0.0855183
23.055 0.083783
23.085 0.0820563
23.115 0.0803389
23.145 0.078632
23.175 0.0769359
23.205 0.0752514
23.235 0.0735794
23.265 0.0719204
23.295 0.0702751
23.325 0.0686441
23.355 0.0670282
23.385 0.0654279
23.415 0.0638437
23.445 0.0622763
23.475 0.0607261
23.505 0.0591938
23.535 0.0576797
23.565 0.0561843
23.595 0.0547082
23.625 0.0532516
23.655 0.0518151
23.685 0.050399
23.715 0.0490035
23.745 0.0476291
23.775 0.0462761
23.805 0.0449448
23.835 0.0436353
23.865 0.042348
23.895 0.041083
23.925 0.0398406
23.955 0.0386208
23.985 0.0374239
24.015 0.0362498
24.045 0.0350989
24.075 0.033971
24.105 0.0328663
24.135 0.0317848
24.165 0.0307265
24.195 0.0296913
24.225 0.0286794
24.255 0.0276905
24.285 0.0267247
24.315 0.0257818
24.345 0.0248618
24.375 0.0239645
24.405 0.0230898
24.435 0.0222374
24.465 0.0214074
24.495 0.0205994
24.525 0.0198133
24.555 0.0190488
24.585 0.0183057
24.615 0.0175838
24.645 0.0168828
24.675 0.0162024
24.705 0.0155424
24.735 0.0149025
24.765 0.0142824
24.795 0.0136818
24.825 0.0131003
24.855 0.0125377
24.885 0.0119935
24.915 0.0114676
24.945 0.0109595
24.975 0.0104688
25.005 0.00999532
25.035 0.00953859
25.065 0.00909827
25.095 0.008674
25.125 0.00826541
25.155 0.00787214
25.185 0.00749383
25.215 0.00713008
25.245 0.00678055
25.275 0.00644484
25.305 0.00612262
25.335 0.00581348
25.365 0.00551709
25.395 0.00523306
25.425 0.00496104
25.455 0.00470066
25.485 0.00445157
25.515 0.00421343
25.545 0.00398587
25.575 0.00376855
25.605 0.00356114
25.635 0.0033633
25.665 0.0031747
25.695 0.00299501
25.725 0.00282391
25.755 0.0026611
25.785 0.00250625
25.815 0.00235908
25.845 0.00221928
25.875 0.00208658
25.905 0.00196067
25.935 0.0018413
25.965 0.00172819
25.995 0.00162108
26.025 0.00151971
26.055 0.00142384
26.085 0.00133322
26.115 0.00124763
26.145 0.00116683
26.175 0.00109061
26.205 0.00101875
26.235 0.000951048
26.265 0.0008873
26.295 0.000827319
26.325 0.000770916
26.355 0.000717914
26.385 0.000668141
26.415 0.00062143
26.445 0.000577622
26.475 0.000536564
26.505 0.00049811
26.535 0.000462118
26.565 0.000428453
26.595 0.000396986
26.625 0.000367594
26.655 0.000340159
26.685 0.000314567
26.715 0.000290712
26.745 0.00026849
26.775 0.000247805
26.805 0.000228563
26.835 0.000210676
26.865 0.00019406
26.895 0.000178636
26.925 0.000164328
26.955 0.000151066
26.985 0.00013878
27.015 0.000127408
27.045 0.000116888
27.075 0.000107165
27.105 9.81831e-05
27.135 8.9893e-05
27.165 8.22466e-05
27.195 7.5199e-05
27.225 6.87079e-05
27.255 6.27338e-05
27.285 5.72395e-05
27.315 5.21901e-05
27.345 4.75531e-05
27.375 4.32978e-05
27.405 3.93957e-05
27.435 3.582e-05
27.465 3.2546e-05
27.495 2.95504e-05
27.525 2.68115e-05
27.555 2.43093e-05
27.585 2.20248e-05
27.615 1.99409e-05
27.645 1.80412e-05
27.675 1.63108e-05
27.705 1.47358e-05
27.735 1.33033e-05
27.765 1.20014e-05
27.795 1.0819e-05
27.825 9.74612e-06
27.855 8.77323e-06
27.885 7.89171e-06
27.915 7.09359e-06
27.945 6.37152e-06
27.975 5.71877e-06
28.005 5.12913e-06
28.035 4.59689e-06
28.065 4.11686e-06
28.095 3.68423e-06
28.125 3.29462e-06
28.155 2.94404e-06
28.185 2.62881e-06
28.215 2.34558e-06
28.245 2.09131e-06
28.275 1.86322e-06
28.305 1.65876e-06
28.335 1.47563e-06
28.365 1.31174e-06
28.395 1.16517e-06
28.425 1.0342e-06
28.455 9.17258e-07
28.485 8.12927e-07
28.515 7.19918e-07
28.545 6.37068e-07
28.575 5.63324e-07
28.605 4.97739e-07
28.635 4.39455e-07
28.665 3.877e-07
28.695 3.4178e-07
28.725 3.01068e-07
28.755 2.65003e-07
28.785 2.33079e-07
28.815 2.04844e-07
28.845 1.79891e-07
28.875 1.57857e-07
28.905 1.38414e-07
28.935 1.21273e-07
28.965 1.06172e-07
28.995 9.28802e-08
29.025 8.11893e-08
29.055 7.09149e-08
29.085 6.18927e-08
29.115 5.39764e-08
29.145 4.70361e-08
29.175 4.09562e-08
29.205 3.56344e-08
29.235 3.098e-08
29.265 2.69125e-08
29.295 2.33607e-08
29.325 2.02618e-08
29.355 1.75603e-08
29.385 1.5207e-08
29.415 1.31587e-08
29.445 1.13774e-08
29.475 9.82947e-09
29.505 8.48547e-09
29.535 7.31946e-09
29.565 6.3087e-09
29.595 5.43323e-09
29.625 4.67555e-09
29.655 4.02035e-09
29.685 3.45422e-09
29.715 2.96547e-09
29.745 2.54385e-09
29.775 2.18045e-09
29.805 1.86747e-09
29.835 1.59815e-09
29.865 1.36658e-09
29.895 1.16764e-09
29.925 9.96859e-10
29.955 8.5038e-10
29.985 7.24847e-10
30.015 0
